time ECI_x ECI_y ECI_z ECI_sun_x ECI_sun_y ECI_sun_z
1656942000 -1100.708664 -4312.189524 -5326.458340 -33126150.365622 136196662.282207 59044849.168703
1656942100 -1103.620662 -3699.664247 -5769.526454 -33129009.435276 136196077.488840 59044595.650075
1656942200 -1093.441170 -3043.250513 -6143.966885 -33131868.493564 136195492.643866 59044342.109075
1656942300 -1070.304131 -2350.772289 -6445.399315 -33134727.538207 136194907.747752 59044088.545904
1656942400 -1034.494283 -1630.458536 -6670.305618 -33137586.571499 136194322.800027 59043834.960358
1656942500 -986.443336 -890.851023 -6816.064598 -33140445.591141 136193737.801163 59043581.352642
1656942600 -926.724513 -140.705498 -6880.978923 -33143304.599431 136193152.750689 59043327.722551
1656942700 -856.046010 611.103848 -6864.291514 -33146163.594070 136192567.649076 59043074.070291
1656942800 -775.242810 1355.685398 -6766.193287 -33149022.577355 136191982.495853 59042820.395656
1656942900 -685.267695 2084.226428 -6587.821486 -33151881.546987 136191397.291492 59042566.698851
1656943000 -587.180593 2788.093710 -6331.248356 -33154740.505262 136190812.035521 59042312.979673
1656943100 -482.137342 3458.928276 -5999.461341 -33157599.449881 136190226.728413 59042059.238324
1656943200 -371.376781 4088.742922 -5596.332448 -33160458.383142 136189641.369696 59041805.474602
1656943300 -256.207463 4670.012698 -5126.579922 -33163317.302745 136189055.959841 59041551.688710
1656943400 -137.992744 5195.766001 -4595.717959 -33166176.211005 136188470.498374 59041297.880443
1656943500 -18.135735 5659.667228 -4009.999605 -33169035.105588 136187884.985773 59041044.050008
1656943600 101.937212 6056.097258 -3376.347002 -33171893.988807 136187299.421565 59040790.197200
1656943700 220.792827 6380.223828 -2702.276086 -33174752.858364 136186713.806219 59040536.322222
1656943800 337.008406 6628.066471 -1995.808793 -33177611.716556 136186128.139267 59040282.424872
1656943900 449.188696 6796.549709 -1265.381645 -33180470.561067 136185542.421182 59040028.505353
1656944000 555.983470 6883.547455 -519.743126 -33183329.394227 136184956.651486 59039774.563461
1656944100 656.104034 6887.914429 232.149874 -33186188.213722 136184370.830654 59039520.599399
1656944200 748.339807 6809.505933 981.244099 -33189047.020717 136183784.958447 59039266.613065
1656944300 831.573577 6649.183922 1718.501397 -33191905.816322 136183199.034638 59039012.604360
1656944400 904.795683 6408.810251 2435.010889 -33194764.598258 136182613.059694 59038758.573487
1656944500 967.117137 6091.225565 3122.102936 -33197623.368821 136182027.033144 59038504.520241
1656944600 1017.780710 5700.216321 3771.455855 -33200482.125732 136181440.955455 59038250.444824
1656944700 1056.170697 5240.467396 4375.202502 -33203340.871248 136180854.826164 59037996.347038
1656944800 1081.820434 4717.505174 4926.026407 -33206199.603091 136180268.645739 59037742.227083
1656944900 1094.418130 4137.627144 5417.254366 -33209058.323557 136179682.413709 59037488.084756
1656945000 1093.810481 3507.825055 5842.936630 -33211917.030329 136179096.130549 59037233.920262
1656945100 1080.004379 2835.696247 6197.920780 -33214775.725740 136178509.795781 59036979.733395
1656945200 1053.166581 2129.351864 6477.912308 -33217634.407472 136177923.409880 59036725.524360
1656945300 1013.621396 1397.315244 6679.526823 -33220493.077823 136177336.972374 59036471.292954
1656945400 961.846616 648.420329 6800.328993 -33223351.734513 136176750.483731 59036217.039378
1656945500 898.467449 -108.297678 6838.861596 -33226210.379801 136176163.943488 59035962.763432
1656945600 824.249034 -863.708916 6794.661974 -33229069.011405 136175577.352114 59035708.465319
1656945700 740.086990 -1608.701164 6668.267388 -33231927.631625 136174990.709135 59035454.144835
1656945800 646.996879 -2334.287074 6461.208760 -33234786.238160 136174404.015025 59035199.802183
1656945900 546.101771 -3031.714905 6175.992285 -33237644.833307 136173817.269312 59034945.437160
1656946000 438.619061 -3692.572137 5816.070582 -33240503.414768 136173230.472467 59034691.049970
1656946100 325.845504 -4308.890048 5385.800899 -33243361.984837 136172643.624020 59034436.640410
1656946200 209.141873 -4873.239165 4890.394241 -33246220.541219 136172056.724441 59034182.208682
1656946300 89.916048 -5378.822752 4335.851204 -33249079.086208 136171469.773261 59033927.754583
1656946400 -30.393856 -5819.559182 3728.890522 -33251937.617506 136170882.770950 59033673.278318
1656946500 -150.337576 -6190.159114 3076.864775 -33254796.137410 136170295.717037 59033418.779683
1656946600 -268.470273 -6486.189786 2387.671239 -33257654.643621 136169708.611995 59033164.258881
1656946700 -383.370845 -6704.130931 1669.651348 -33260513.138435 136169121.455351 59032909.715708
1656946800 -493.659189 -6841.416604 931.488423 -33263371.619572 136168534.247573 59032655.150368
1656946900 -598.013616 -6896.465958 182.096771 -33266230.088144 136167946.988435 59032400.562761
1656947000 -695.186955 -6868.699714 -569.489139 -33269088.545315 136167359.677696 59032145.952784
1656947100 -784.021621 -6758.543824 -1314.226407 -33271946.988789 136166772.315827 59031891.320641
1656947200 -863.463749 -6567.419467 -2043.177673 -33274805.420860 136166184.902359 59031636.666128
1656947300 -932.575281 -6297.720632 -2747.618094 -33277663.839230 136165597.437762 59031381.989449
1656947400 -990.544940 -5952.778455 -3419.142892 -33280522.246197 136165009.921565 59031127.290401
1656947500 -1036.696960 -5536.815638 -4049.764761 -33283380.639460 136164422.354241 59030872.569187
1656947600 -1070.498407 -5054.888578 -4632.008880 -33286239.021317 136163834.735317 59030617.825603
1656947700 -1091.564307 -4512.822786 -5158.995965 -33289097.389470 136163247.065265 59030363.059855
1656947800 -1099.661193 -3917.137551 -5624.520661 -33291955.746214 136162659.343614 59030108.271736
1656947900 -1094.708693 -3274.967242 -6023.117315 -33294814.089269 136162071.570833 59029853.461451
1656948000 -1076.779469 -2593.973540 -6350.119535 -33297672.420895 136161483.746457 59029598.628799
1656948100 -1046.097522 -1882.257316 -6601.707456 -33300530.738794 136160895.870958 59029343.773983
1656948200 -1003.034850 -1148.262990 -6774.947770 -33303389.045298 136160307.943858 59029088.896796
1656948300 -948.106809 -400.684917 -6867.822408 -33306247.338109 136159719.965627 59028833.997443
1656948400 -881.965847 351.632462 -6879.249166 -33309105.619487 136159131.935802 59028579.075723
1656948500 -805.394236 1099.790679 -6809.092165 -33311963.887151 136158543.854852 59028324.131839
1656948600 -719.295180 1834.938410 -6658.163359 -33314822.143398 136157955.722305 59028069.165585
1656948700 -624.683173 2548.367564 -6428.214967 -33317680.385912 136157367.538636 59027814.177169
1656948800 -522.672702 3231.613202 -6121.921864 -33320538.617024 136156779.303366 59027559.166383
1656948900 -414.466418 3876.547260 -5742.855769 -33323396.834437 136156191.016969 59027304.133431
1656949000 -301.341646 4475.474382 -5295.448193 -33326255.040410 136155602.678978 59027049.078113
1656949100 -184.636584 5021.220310 -4784.945978 -33329113.232682 136155014.289860 59026794.000629
1656949200 -65.734908 5507.220031 -4217.354553 -33331971.413511 136154425.849149 59026538.900778
1656949300 53.949667 5927.596969 -3599.374745 -33334829.580600 136153837.357318 59026283.778766
1656949400 172.990219 6277.238960 -2938.326872 -33337687.736281 136153248.813888 59026028.634383
1656949500 289.963144 6551.863572 -2242.069827 -33340545.878257 136152660.219331 59025773.467836
1656949600 403.465668 6748.076811 -1518.908266 -33343404.007638 136152071.573418 59025518.279025
1656949700 512.132895 6863.419975 -777.495186 -33346262.125590 136151482.875911 59025263.067846
1656949800 614.654660 6896.405755 -26.728714 -33349120.229796 136150894.127285 59025007.834506
1656949900 709.792307 6846.542335 724.358744 -33351978.322588 136150305.327060 59024752.578796
1656950000 796.394086 6714.344203 1466.709850 -33354836.401671 136149716.475710 59024497.300922
1656950100 873.410146 6501.329542 2191.357777 -33357694.469300 136149127.572768 59024242.000682
1656950200 939.905672 6210.004707 2889.536358 -33360552.523199 136148538.618706 59023986.678279
1656950300 995.073052 5843.834285 3552.792621 -33363410.565661 136147949.613050 59023731.333509
1656950400 1038.241894 5407.199917 4173.090725 -33366268.594390 136147360.556273 59023475.966577
1656950500 1068.887607 4905.344902 4742.914596 -33369126.611681 136146771.447902 59023220.577278
1656950600 1086.637736 4344.310241 5255.359346 -33371984.615255 136146182.288407 59022965.165815
1656950700 1091.276525 3730.857654 5704.218162 -33374842.607370 136145593.077323 59022709.731986
1656950800 1082.747325 3072.387256 6084.056381 -33377700.585729 136145003.815122 59022454.275997
1656950900 1061.153065 2376.844039 6390.278498 -33380558.552663 136144414.501325 59022198.797640
1656951000 1026.754770 1652.622296 6619.181795 -33383416.505858 136143825.136409 59021943.297121
1656951100 979.968097 908.460906 6768.001050 -33386274.447608 136143235.719900 59021687.774235
1656951200 921.358225 153.339584 6834.940145 -33389132.375635 136142646.252269 59021432.229187
1656951300 851.632752 -603.631953 6819.193357 -33391990.292197 136142056.733049 59021176.661773
1656951400 771.633299 -1353.321279 6720.954362 -33394848.195014 136141467.162711 59020921.072198
1656951500 682.325147 -2086.685543 6541.413764 -33397706.086382 136140877.540781 59020665.460257
1656951600 584.785913 -2794.878001 6282.745397 -33400563.964004 136140287.867734 59020409.826154
1656951700 480.192349 -3469.357259 5948.080178 -33403421.830174 136139698.143095 59020154.169686
1656951800 369.806508 -4101.988734 5541.469934 -33406279.682615 136139108.367335 59019898.491055
1656951900 254.960185 -4685.146161 5067.838099 -33409137.523584 136138518.539988 59019642.790060
1656952000 137.039097 -5211.803321 4532.921868 -33411995.350784 136137928.661528 59019387.066906
1656952100 17.465591 -5675.622754 3943.201103 -33414853.166547 136137338.731473 59019131.321384
1656952200 -102.318464 -6071.032747 3305.820685 -33417710.968557 136136748.750303 59018875.553702
1656952300 -220.869827 -6393.297940 2628.500659 -33420568.757980 136136158.717775 59018619.763755
1656952400 -336.761638 -6638.577262 1919.440807 -33423426.535907 136135568.633666 59018363.951446
1656952500 -448.600998 -6803.970762 1187.219026 -33426284.300115 136134978.498432 59018108.116974
1656952600 -555.046557 -6887.554749 440.681746 -33429142.052844 136134388.311614 59017852.260138
1656952700 -654.824698 -6888.402745 -311.164627 -33431999.791814 136133798.073680 59017596.381142
1656952800 -746.745440 -6806.593855 -1059.268603 -33434857.519322 136133207.784157 59017340.479781
1656952900 -829.716466 -6643.207506 -1794.643526 -33437715.233051 136132617.443523 59017084.556262
1656953000 -902.756341 -6400.304814 -2508.480355 -33440572.935333 136132027.051297 59016828.610376
1656953100 -965.005582 -6080.898217 -3192.252117 -33443430.623872 136131436.607953 59016572.642329
1656953200 -1015.736509 -5688.908086 -3837.817899 -33446288.300924 136130846.113024 59016316.651919
1656953300 -1054.360875 -5229.110413 -4437.515979 -33449145.964211 136130255.566982 59016060.639349
1656953400 -1080.436011 -4707.072687 -4984.253737 -33452003.616029 136129664.969352 59015804.604415
1656953500 -1093.668854 -4129.084153 -5471.585272 -33454861.254062 136129074.320612 59015548.547324
1656953600 -1093.918384 -3502.075873 -5893.783772 -33457718.880643 136128483.620281 59015292.467866
1656953700 -1081.196181 -2833.538465 -6245.901292 -33460576.493490 136127892.868830 59015036.366247
1656953800 -1055.665366 -2131.431301 -6523.821935 -33463434.094827 136127302.065800 59014780.242266
1656953900 -1017.638000 -1404.092209 -6724.303005 -33466291.682393 136126711.211657 59014524.096127
1656954000 -967.570861 -660.140088 -6845.008651 -33469149.258483 136126120.305928 59014267.927623
1656954100 -906.060020 91.619798 -6884.532542 -33472006.820781 136125529.349091 59014011.736963
1656954200 -833.833799 842.296398 -6842.412222 -33474864.371620 136124938.340663 59013755.523937
1656954300 -751.744817 1583.009205 -6719.133660 -33477721.908702 136124347.281121 59013499.288752
1656954400 -660.760397 2304.989315 -6516.126531 -33480579.434285 136123756.169997 59013243.031204
1656954500 -561.952303 2999.675034 -6235.750712 -33483436.946090 136123165.007762 59012986.751498
1656954600 -456.484805 3658.810826 -5881.272359 -33486294.446413 136122573.793941 59012730.449429
1656954700 -345.602287 4274.539678 -5456.832027 -33489151.932938 136121982.529014 59012474.125203
1656954800 -230.615198 4839.496881 -4967.401179 -33492009.408015 136121391.212495 59012217.778611
1656954900 -112.885763 5346.895906 -4418.731552 -33494866.869310 136120799.844865 59011961.409861
1656955000 6.187800 5790.612963 -3817.292272 -33497724.317934 136120208.425897 59011705.018855
1656955100 125.187307 6165.263039 -3170.199406 -33500581.755088 136119616.955340 59011448.605483
1656955200 242.691162 6466.269075 -2485.136908 -33503439.178457 136119025.433674 59011192.169954
1656955300 357.291726 6689.923868 -1770.266445 -33506296.590336 136118433.860424 59010935.712062
1656955400 467.612108 6833.440213 -1034.133765 -33509153.988446 136117842.236061 59010679.232012
1656955500 572.323568 6894.991751 -285.564143 -33512011.375047 136117250.560119 59010422.729600
1656955600 670.161820 6873.740699 466.442612 -33514868.747839 136116658.833073 59010166.205033
1656955700 759.943365 6769.853496 1212.825478 -33517726.109154 136116067.054440 59009909.658102
1656955800 840.580249 6584.503069 1944.572624 -33520583.456679 136115475.224699 59009653.089014
1656955900 911.094245 6319.857203 2652.836721 -33523440.792707 136114883.343375 59009396.497564
1656956000 970.629085 5979.054430 3329.043823 -33526298.114978 136114291.410937 59009139.883954
1656956100 1018.461554 5566.165415 3965.003401 -33529155.425713 136113699.426924 59008883.247985
1656956200 1054.010408 5086.143902 4553.008818 -33532012.722635 136113107.391808 59008626.589862
1656956300 1076.843738 4544.763729 5085.935370 -33534870.008074 136112515.305106 59008369.909375
1656956400 1086.684102 3948.548297 5557.326471 -33537727.279715 136111923.167298 59008113.206732
1656956500 1083.411839 3304.687570 5961.474388 -33540584.539853 136111330.977909 59007856.481726
1656956600 1067.066280 2620.950815 6293.487865 -33543441.786210 136110738.737410 59007599.734564
1656956700 1037.845007 1905.588809 6549.352001 -33546299.021043 136110146.445334 59007342.965041
1656956800 996.101264 1167.235036 6725.974762 -33549156.242055 136109554.102157 59007086.173365
1656956900 942.339373 414.798405 6821.224075 -33552013.451579 136108961.707395 59006829.359325
1656957000 877.208626 -342.642161 6833.952034 -33554870.647297 136108369.261528 59006572.523130
1656957100 801.495201 -1095.949544 6764.008406 -33557727.831507 136107776.764081 59006315.664574
1656957200 716.112872 -1836.035953 6612.242161 -33560585.001928 136107184.215527 59006058.783860
1656957300 622.091804 -2553.974714 6380.491203 -33563442.160820 136106591.615396 59005801.880787
1656957400 520.566468 -3241.105637 6071.561235 -33566299.305902 136105998.964161 59005544.955560
1656957500 412.761728 -3889.142265 5689.191926 -33569156.439471 136105406.261347 59005288.007971
1656957600 299.978409 -4490.270673 5238.013487 -33572013.559228 136104813.507430 59005031.038228
1656957700 183.577241 -5037.247158 4723.490226 -33574870.666323 136104220.702171 59004774.046226
1656957800 64.962402 -5523.486732 4151.854840 -33577727.761900 136103627.845334 59004517.031864
1656957900 -54.435556 -5943.144268 3530.033134 -33580584.843663 136103034.937395 59004259.995348
1656958000 -173.177690 -6291.188426 2865.557066 -33583441.913907 136102441.977876 59004002.936471
1656958100 -289.834109 -6563.462719 2166.473226 -33586298.970334 136101848.967256 59003745.855440
1656958200 -403.002100 -6756.737741 1441.240241 -33589156.015240 136101255.905058 59003488.752048
1656958300 -511.323168 -6868.749201 698.625007 -33592013.046346 136100662.791755 59003231.626501
1656958400 -613.500178 -6898.224576 -52.409559 -33594870.065911 136100069.626877 59002974.478595
1656958500 -708.312928 -6844.895488 -802.814289 -33597727.071654 136099476.410899 59002717.308536
1656958600 -794.633256 -6709.497142 -1543.568724 -33600584.065873 136098883.143343 59002460.116116
1656958700 -871.438194 -6493.754601 -2265.789957 -33603441.046267 136098289.824688 59002202.901543
1656958800 -937.822164 -6200.355714 -2960.843195 -33606298.015135 136097696.454455 59001945.664610
1656958900 -993.007000 -5832.913141 -3620.443065 -33609154.970178 136097103.033122 59001688.405524
1656959000 -1036.350666 -5395.913675 -4236.753474 -33612011.913672 136096509.560216 59001431.124079
1656959100 -1067.353768 -4894.659704 -4802.476016 -33614868.843377 136095916.036204 59001173.820478
1656959200 -1085.664550 -4335.199356 -5310.934416 -33617725.761530 136095322.460619 59000916.494520
1656959300 -1091.081848 -3724.252139 -5756.146461 -33620582.665854 136094728.833935 59000659.146408
1656959400 -1083.556443 -3069.124932 -6132.890194 -33623439.558645 136094135.155675 59000401.775937
1656959500 -1063.190640 -2377.626644 -6436.757608 -33626296.437622 136093541.426314 59000144.383312
1656959600 -1030.236248 -1657.974831 -6664.201424 -33629153.305045 136092947.645380 58999886.968329
1656959700 -985.091115 -918.703609 -6812.570162 -33632010.158634 136092353.813349 58999629.531193
1656959800 -928.294065 -168.564890 -6880.135424 -33634867.000684 136091759.929743 58999372.071699
1656959900 -860.518726 583.567137 -6866.108618 -33637723.828880 136091165.995043 58999114.590054
1656960000 -782.565740 1328.797024 -6770.649052 -33640580.645554 136090572.008765 58998857.086049
1656960100 -695.354144 2058.304429 -6594.862601 -33643437.448390 136089977.971390 58998599.559891
1656960200 -599.911101 2763.444793 -6340.790725 -33646294.239684 136089383.882440 58998342.011375
1656960300 -497.361027 3435.844206 -6011.391013 -33649151.017156 136088789.742391 58998084.440705
1656960400 -388.913094 4067.496820 -5610.507056 -33652007.781898 136088195.551014 58997826.847784
1656960500 -275.848057 4650.856726 -5142.829586 -33654864.535112 136087601.308060 58997569.232502
1656960600 -159.504180 5178.926637 -4613.848496 -33657721.274520 136087007.014002 58997311.595066
1656960700 -41.261807 5645.344240 -4029.793177 -33660578.002324 136086412.668383 58997053.935276
1656960800 77.472112 6044.459609 -3397.566458 -33663434.716320 136085818.271661 58996796.253332
1656960900 195.280858 6371.408910 -2724.665837 -33666291.418747 136085223.823371 58996538.549032
1656961000 310.754432 6622.177169 -2019.099988 -33669148.107308 136084629.323989 58996280.822582
1656961100 422.507024 6793.653973 -1289.293243 -33672004.784336 136084034.773031 58996023.073772
1656961200 529.193707 6883.676723 -543.987649 -33674861.447513 136083440.170979 58995765.302812
1656961300 629.527574 6891.063606 207.865137 -33677718.099135 136082845.517355 58995507.509494
1656961400 722.295633 6815.633240 957.211367 -33680574.736925 136082250.812633 58995249.694023
1656961500 806.374541 6658.211505 1695.009975 -33683431.363139 136081656.056344 58994991.856197
1656961600 880.744647 6420.625161 2412.343286 -33686287.975480 136081061.248965 58994733.996222
1656961700 944.503279 6105.681226 3100.531398 -33689144.576281 136080466.390012 58994476.113888
1656961800 996.875992 5717.134413 3751.239056 -33692001.163244 136079871.479962 58994218.209402
1656961900 1037.226556 5259.640141 4356.582440 -33694857.738628 136079276.518345 58993960.282560
1656962000 1065.064726 4738.697962 4909.225543 -33697714.300154 136078681.505636 58993702.333569

