0 0 0
0.158521 0.599314 0.784662
0 0 0
-0.218343 0.895354 0.388160
0 0 0
0.158471 0.508214 0.846525
0 0 0
-0.218362 0.895350 0.388158
0 0 0
0.156503 0.410920 0.898138
0 0 0
-0.218380 0.895346 0.388156
0 0 0
0.152638 0.308613 0.938861
0 0 0
-0.218399 0.895342 0.388155
0 0 0
0.146923 0.202539 0.968190
0 0 0
-0.218418 0.895338 0.388153
0 0 0
0.139427 0.093994 0.985761
0 0 0
-0.218437 0.895335 0.388151
0 0 0
0.130241 -0.015699 0.991358
0 0 0
-0.218456 0.895331 0.388150
0 0 0
0.119478 -0.125198 0.984911
0 0 0
-0.218474 0.895327 0.388148
0 0 0
0.107269 -0.233166 0.966502
0 0 0
-0.218493 0.895323 0.388146
0 0 0
0.093763 -0.338286 0.936361
0 0 0
-0.218512 0.895319 0.388144
0 0 0
0.079127 -0.439276 0.894861
0 0 0
-0.218531 0.895315 0.388143
0 0 0
0.063539 -0.534907 0.842518
0 0 0
-0.218550 0.895311 0.388141
0 0 0
0.047190 -0.624021 0.779981
0 0 0
-0.218568 0.895308 0.388139
0 0 0
0.030279 -0.705540 0.708023
0 0 0
-0.218587 0.895304 0.388138
0 0 0
0.013014 -0.778482 0.627532
0 0 0
-0.218606 0.895300 0.388136
0 0 0
-0.004397 -0.841976 0.539497
0 0 0
-0.218625 0.895296 0.388134
0 0 0
-0.021743 -0.895267 0.444999
0 0 0
-0.218644 0.895292 0.388133
0 0 0
-0.038814 -0.937729 0.345193
0 0 0
-0.218662 0.895288 0.388131
0 0 0
-0.055404 -0.968869 0.241295
0 0 0
-0.218681 0.895284 0.388129
0 0 0
-0.071316 -0.988335 0.134566
0 0 0
-0.218700 0.895281 0.388128
0 0 0
-0.086359 -0.995917 0.026297
0 0 0
-0.218719 0.895277 0.388126
0 0 0
-0.100356 -0.991549 -0.082210
0 0 0
-0.218738 0.895273 0.388124
0 0 0
-0.113140 -0.975311 -0.189653
0 0 0
-0.218756 0.895269 0.388123
0 0 0
-0.124564 -0.947421 -0.294750
0 0 0
-0.218775 0.895265 0.388121
0 0 0
-0.134493 -0.908237 -0.396253
0 0 0
-0.218794 0.895261 0.388119
0 0 0
-0.142813 -0.858251 -0.492960
0 0 0
-0.218813 0.895257 0.388118
0 0 0
-0.149430 -0.798077 -0.583733
0 0 0
-0.218831 0.895253 0.388116
0 0 0
-0.154267 -0.728447 -0.667507
0 0 0
-0.218850 0.895250 0.388114
0 0 0
-0.157272 -0.650204 -0.743304
0 0 0
-0.218869 0.895246 0.388113
0 0 0
-0.158412 -0.564283 -0.810241
0 0 0
-0.218888 0.895242 0.388111
0 0 0
-0.157677 -0.471711 -0.867541
0 0 0
-0.218907 0.895238 0.388109
0 0 0
-0.155077 -0.373583 -0.914542
0 0 0
-0.218925 0.895234 0.388108
0 0 0
-0.150647 -0.271061 -0.950701
0 0 0
-0.218944 0.895230 0.388106
0 0 0
-0.144438 -0.165351 -0.975601
0 0 0
-0.218963 0.895226 0.388104
0 0 0
-0.136526 -0.057698 -0.988955
0 0 0
-0.218982 0.895223 0.388103
0 0 0
-0.127003 0.050635 -0.990609
0 0 0
-0.219001 0.895219 0.388101
0 0 0
-0.115981 0.158375 -0.980544
0 0 0
-0.219019 0.895215 0.388099
0 0 0
-0.103589 0.264258 -0.958873
0 0 0
-0.219038 0.895211 0.388098
0 0 0
-0.089972 0.367037 -0.925845
0 0 0
-0.219057 0.895207 0.388096
0 0 0
-0.075289 0.465501 -0.881839
0 0 0
-0.219076 0.895203 0.388094
0 0 0
-0.059711 0.558486 -0.827362
0 0 0
-0.219095 0.895199 0.388093
0 0 0
-0.043422 0.644889 -0.763042
0 0 0
-0.219113 0.895195 0.388091
0 0 0
-0.026611 0.723678 -0.689625
0 0 0
-0.219132 0.895192 0.388089
0 0 0
-0.009476 0.793908 -0.607964
0 0 0
-0.219151 0.895188 0.388087
0 0 0
0.007779 0.854731 -0.519013
0 0 0
-0.219170 0.895184 0.388086
0 0 0
0.024951 0.905406 -0.423813
0 0 0
-0.219189 0.895180 0.388084
0 0 0
0.041836 0.945307 -0.323487
0 0 0
-0.219207 0.895176 0.388082
0 0 0
0.058231 0.973936 -0.219221
0 0 0
-0.219226 0.895172 0.388081
0 0 0
0.073941 0.990925 -0.112253
0 0 0
-0.219245 0.895168 0.388079
0 0 0
0.088774 0.996044 -0.003860
0 0 0
-0.219264 0.895164 0.388077
0 0 0
0.102553 0.989207 0.104657
0 0 0
-0.219282 0.895161 0.388076
0 0 0
0.115108 0.970468 0.211993
0 0 0
-0.219301 0.895157 0.388074
0 0 0
0.126287 0.940031 0.316850
0 0 0
-0.219320 0.895153 0.388072
0 0 0
0.135951 0.898238 0.417953
0 0 0
-0.219339 0.895149 0.388071
0 0 0
0.143982 0.845576 0.514073
0 0 0
-0.219358 0.895145 0.388069
0 0 0
0.150280 0.782663 0.604032
0 0 0
-0.219376 0.895141 0.388067
0 0 0
0.154765 0.710247 0.686729
0 0 0
-0.219395 0.895137 0.388066
0 0 0
0.157380 0.629197 0.761146
0 0 0
-0.219414 0.895133 0.388064
0 0 0
0.158092 0.540487 0.826366
0 0 0
-0.219433 0.895130 0.388062
0 0 0
0.156891 0.445191 0.881584
0 0 0
-0.219452 0.895126 0.388061
0 0 0
0.153789 0.344466 0.926117
0 0 0
-0.219470 0.895122 0.388059
0 0 0
0.148822 0.239538 0.959413
0 0 0
-0.219489 0.895118 0.388057
0 0 0
0.142052 0.131687 0.981061
0 0 0
-0.219508 0.895114 0.388056
0 0 0
0.133560 0.022228 0.990791
0 0 0
-0.219527 0.895110 0.388054
0 0 0
0.123450 -0.087500 0.988486
0 0 0
-0.219546 0.895106 0.388052
0 0 0
0.111845 -0.196158 0.974173
0 0 0
-0.219564 0.895102 0.388051
0 0 0
0.098888 -0.302418 0.948032
0 0 0
-0.219583 0.895099 0.388049
0 0 0
0.084737 -0.404986 0.910388
0 0 0
-0.219602 0.895095 0.388047
0 0 0
0.069566 -0.502612 0.861709
0 0 0
-0.219621 0.895091 0.388045
0 0 0
0.053561 -0.594111 0.802598
0 0 0
-0.219639 0.895087 0.388044
0 0 0
0.036916 -0.678376 0.733787
0 0 0
-0.219658 0.895083 0.388042
0 0 0
0.019836 -0.754391 0.656125
0 0 0
-0.219677 0.895079 0.388040
0 0 0
0.002527 -0.821246 0.570569
0 0 0
-0.219696 0.895075 0.388039
0 0 0
-0.014800 -0.878143 0.478170
0 0 0
-0.219715 0.895071 0.388037
0 0 0
-0.031936 -0.924412 0.380057
0 0 0
-0.219733 0.895067 0.388035
0 0 0
-0.048674 -0.959513 0.277428
0 0 0
-0.219752 0.895064 0.388034
0 0 0
-0.064814 -0.983044 0.171531
0 0 0
-0.219771 0.895060 0.388032
0 0 0
-0.080164 -0.994748 0.063646
0 0 0
-0.219790 0.895056 0.388030
0 0 0
-0.094540 -0.994507 -0.044924
0 0 0
-0.219809 0.895052 0.388029
0 0 0
-0.107773 -0.982351 -0.152877
0 0 0
-0.219827 0.895048 0.388027
0 0 0
-0.119708 -0.958451 -0.258923
0 0 0
-0.219846 0.895044 0.388025
0 0 0
-0.130205 -0.923119 -0.361799
0 0 0
-0.219865 0.895040 0.388024
0 0 0
-0.139143 -0.876798 -0.460287
0 0 0
-0.219884 0.895036 0.388022
0 0 0
-0.146420 -0.820063 -0.553226
0 0 0
-0.219903 0.895033 0.388020
0 0 0
-0.151952 -0.753605 -0.639523
0 0 0
-0.219921 0.895029 0.388019
0 0 0
-0.155677 -0.678231 -0.718169
0 0 0
-0.219940 0.895025 0.388017
0 0 0
-0.157556 -0.594845 -0.788248
0 0 0
-0.219959 0.895021 0.388015
0 0 0
-0.157569 -0.504442 -0.848946
0 0 0
-0.219978 0.895017 0.388013
0 0 0
-0.155718 -0.408098 -0.899560
0 0 0
-0.219996 0.895013 0.388012
0 0 0
-0.152028 -0.306950 -0.939505
0 0 0
-0.220015 0.895009 0.388010
0 0 0
-0.146543 -0.202193 -0.968320
0 0 0
-0.220034 0.895005 0.388008
0 0 0
-0.139329 -0.095059 -0.985673
0 0 0
-0.220053 0.895001 0.388007
0 0 0
-0.130472 0.013193 -0.991364
0 0 0
-0.220072 0.894998 0.388005
0 0 0
-0.120075 0.121293 -0.985327
0 0 0
-0.220090 0.894994 0.388003
0 0 0
-0.108260 0.227971 -0.967631
0 0 0
-0.220109 0.894990 0.388002
0 0 0
-0.095165 0.331973 -0.938476
0 0 0
-0.220128 0.894986 0.388000
0 0 0
-0.080944 0.432074 -0.898198
0 0 0
-0.220147 0.894982 0.387998
0 0 0
-0.065762 0.527091 -0.847261
0 0 0
-0.220166 0.894978 0.387997
0 0 0
-0.049796 0.615899 -0.786250
0 0 0
-0.220184 0.894974 0.387995
0 0 0
-0.033235 0.697440 -0.715872
0 0 0
-0.220203 0.894970 0.387993
0 0 0
-0.016272 0.770737 -0.636945
0 0 0
-0.220222 0.894966 0.387992
0 0 0
0.000892 0.834908 -0.550389
0 0 0
-0.220241 0.894963 0.387990
0 0 0
0.018055 0.889173 -0.457216
0 0 0
-0.220259 0.894959 0.387988
0 0 0
0.035012 0.932865 -0.358521
0 0 0
-0.220278 0.894955 0.387987
0 0 0
0.051562 0.965441 -0.255472
0 0 0
-0.220297 0.894951 0.387985
0 0 0
0.067505 0.986487 -0.149289
0 0 0
-0.220316 0.894947 0.387983
0 0 0
0.082651 0.995725 -0.041239
0 0 0
-0.220335 0.894943 0.387981
0 0 0
0.096815 0.993019 0.067385
0 0 0
-0.220353 0.894939 0.387980
0 0 0
0.109826 0.978374 0.175277
0 0 0
-0.220372 0.894935 0.387978
0 0 0
0.121525 0.951943 0.281133
0 0 0
-0.220391 0.894931 0.387976
0 0 0
0.131769 0.914020 0.383671
0 0 0
-0.220410 0.894927 0.387975
0 0 0
0.140430 0.865043 0.481643
0 0 0
-0.220429 0.894924 0.387973
0 0 0
0.147401 0.805586 0.573851
0 0 0
-0.220447 0.894920 0.387971
0 0 0
0.152595 0.736352 0.659167
0 0 0
-0.220466 0.894916 0.387970
0 0 0
0.155948 0.658169 0.736541
0 0 0
-0.220485 0.894912 0.387968
0 0 0
0.157415 0.571978 0.805023
0 0 0
-0.220504 0.894908 0.387966
0 0 0
0.156977 0.478820 0.863765
0 0 0
-0.220522 0.894904 0.387965
0 0 0
0.154638 0.379824 0.912042
0 0 0
-0.220541 0.894900 0.387963
0 0 0
0.150424 0.276194 0.949257
0 0 0
-0.220560 0.894896 0.387961
0 0 0
0.144388 0.169194 0.974949
0 0 0
-0.220579 0.894892 0.387959
0 0 0
0.136601 0.060129 0.988800
0 0 0
-0.220598 0.894889 0.387958
0 0 0
0.127159 -0.049669 0.990638
0 0 0
-0.220616 0.894885 0.387956
0 0 0
0.116177 -0.158858 0.980442
0 0 0
-0.220635 0.894881 0.387954
0 0 0
0.103789 -0.266104 0.958340
0 0 0
-0.220654 0.894877 0.387953
0 0 0
0.090148 -0.370101 0.924607
0 0 0
-0.220673 0.894873 0.387951
0 0 0
0.075421 -0.469579 0.879663
0 0 0
-0.220692 0.894869 0.387949
0 0 0
0.059787 -0.563332 0.824065
0 0 0
-0.220710 0.894865 0.387948
0 0 0
0.043439 -0.650223 0.758501
0 0 0
-0.220729 0.894861 0.387946
0 0 0
0.026575 -0.729202 0.683782
0 0 0
-0.220748 0.894857 0.387944
0 0 0
0.009401 -0.799322 0.600829
0 0 0
-0.220767 0.894853 0.387943
0 0 0
-0.007875 -0.859746 0.510661
0 0 0
-0.220785 0.894850 0.387941
0 0 0
-0.025043 -0.909758 0.414383
0 0 0
-0.220804 0.894846 0.387939
0 0 0
-0.041897 -0.948772 0.313171
0 0 0
-0.220823 0.894842 0.387938
0 0 0
-0.058233 -0.976339 0.208257
0 0 0
-0.220842 0.894838 0.387936
0 0 0
-0.073858 -0.992150 0.100912
0 0 0
-0.220861 0.894834 0.387934
0 0 0
-0.088584 -0.996040 -0.007567
0 0 0
-0.220879 0.894830 0.387932
0 0 0
-0.102237 -0.987988 -0.115878
0 0 0
-0.220898 0.894826 0.387931
0 0 0
-0.114658 -0.968116 -0.222722
0 0 0
-0.220917 0.894822 0.387929
0 0 0
-0.125700 -0.936687 -0.326827
0 0 0
-0.220936 0.894818 0.387927
0 0 0
-0.135236 -0.894102 -0.426959
0 0 0
-0.220955 0.894814 0.387926
0 0 0
-0.143155 -0.840888 -0.521933
0 0 0
-0.220973 0.894810 0.387924
0 0 0
-0.149367 -0.777700 -0.610633
0 0 0
-0.220992 0.894807 0.387922
0 0 0
-0.153802 -0.705304 -0.692020
0 0 0
-0.221011 0.894803 0.387921
0 0 0
-0.156411 -0.624571 -0.765145
0 0 0
-0.221030 0.894799 0.387919
0 0 0
-0.157167 -0.536468 -0.829157
0 0 0
-0.221048 0.894795 0.387917
0 0 0
-0.156063 -0.442043 -0.883313
0 0 0
-0.221067 0.894791 0.387916
0 0 0
-0.153115 -0.342414 -0.926989
0 0 0
-0.221086 0.894787 0.387914
0 0 0
-0.148359 -0.238757 -0.959679
0 0 0
-0.221105 0.894783 0.387912
0 0 0
-0.141853 -0.132293 -0.981008
0 0 0
-0.221124 0.894779 0.387910
0 0 0
-0.133673 -0.024273 -0.990728
0 0 0
-0.221142 0.894775 0.387909
0 0 0
-0.123916 0.084034 -0.988728
0 0 0
-0.221161 0.894771 0.387907
0 0 0
-0.112696 0.191358 -0.975029
0 0 0
-0.221180 0.894768 0.387905
0 0 0
-0.100144 0.296436 -0.949788
0 0 0
-0.221199 0.894764 0.387904
0 0 0
-0.086408 0.398032 -0.913293
0 0 0
-0.221217 0.894760 0.387902
0 0 0
-0.071647 0.494947 -0.865964
0 0 0
-0.221236 0.894756 0.387900
0 0 0
-0.056034 0.586034 -0.808347
0 0 0
-0.221255 0.894752 0.387899
0 0 0
-0.039751 0.670210 -0.741106
0 0 0
-0.221274 0.894748 0.387897
0 0 0
-0.022990 0.746470 -0.665022
0 0 0
-0.221293 0.894744 0.387895
0 0 0
-0.005949 0.813896 -0.580980
0 0 0
-0.221311 0.894740 0.387893
0 0 0
0.011172 0.871672 -0.489963
0 0 0
-0.221330 0.894736 0.387892
0 0 0
0.028170 0.919090 -0.393039
0 0 0
-0.221349 0.894732 0.387890
0 0 0
0.044841 0.955565 -0.291351
0 0 0
-0.221368 0.894728 0.387888
0 0 0
0.060987 0.980635 -0.186104
0 0 0
-0.221386 0.894724 0.387887
0 0 0
0.076414 0.993977 -0.078550
0 0 0
-0.221405 0.894721 0.387885
0 0 0
0.090934 0.995404 0.030026
0 0 0
-0.221424 0.894717 0.387883
0 0 0
0.104373 0.984873 0.138319
0 0 0
-0.221443 0.894713 0.387882
0 0 0
0.116566 0.962484 0.245024
0 0 0
-0.221462 0.894709 0.387880
0 0 0
0.127364 0.928484 0.348848
0 0 0
-0.221480 0.894705 0.387878
0 0 0
0.136634 0.883262 0.448530
0 0 0
-0.221499 0.894701 0.387877
0 0 0
0.144261 0.827344 0.542854
0 0 0
-0.221518 0.894697 0.387875
0 0 0
0.150150 0.761392 0.630664
0 0 0
-0.221537 0.894693 0.387873
0 0 0
0.154227 0.686191 0.710884
0 0 0
-0.221556 0.894689 0.387871
